6334
26500
15724
11478
29358
26962
24464
11942
5436
14604
3902
292
12382
18716
19718
21726
11538
19912
9894
31322
4664
6868
27644
32662
778
12316
22190
1842
288
30106
9040
8942
19264
22648
27446
15890
24370
15350
15006
3548
24084
19954
18756
11840
4966
7376
26308
16944
24626
21538
16118
2082
29658
22704
9930
2306
22386
26924
19072
6270
16512
23986
13290
18636
15574
12052
27350
1150
21724
13966
3430
9758
18588
6422
24946
27506
13030
29168
900
18762
17410
27624
21548
3602
24350
30836
9374
11020
4596
27348
19668
24484
4734
26418
27938
6900
3788
3728
24648
14310
9514
7616
20600
31556
22798
6224
11008
5844
32702
29314
7448
25200
13458
6618
20580
19796
14798
20798
20472
23622
18538
12292
6038
18190
7958
22888
19156
16202
2634
24272
20328
22646
26362
4886
20142
23844
1416
31998
10322
28476
27892
10712
2600
2510
14688
5002
24182
27088
31426
9832
30932
2154
19976
2368
28692
3434
9512
18060
21718
25996
19866
20416
28286
24488
16282
25734
18114
31316
5786
912
10808
1832
27756
19558
23646
27982
4144
23196
20222
20450
10466
12044
26292
20024
26154
29510
13186
4474
28022
2168
14018
17958
10202
4414
9314
25824
29334
25874
24372
28070
7518
32270
2668
17192
3102
8480
4802
1924
29972
27432
8492
142
17222
31286
13064
7900
8360
30974
14270
29170
25760
18896
12550
140
13694
21624
26576
21694
22658
26302
22466
4678
25484
1018
28464
23152
2800
31060
1926
9010
32170
9576
22758
7164
7882
17086
14474
31928
28520
6902
14962
24596
1264
8260
6202
8116
5030
20326
21520
29790
14924
30188
4940
18662
30900
18958
17578
1200
26058
12760
2324
5108
22850
14460
22428
27384
6540
28704
32356
6072
29350
20556
23216
1626
8526
12896
13022
10112
18696
8932
22296
16962
3584
29734
6654
16972
22532
22848
12938
22142
23754
17870
1626
31934
23850
17398
12734
26534
5556
10176
6962
10548
300
13142
11462
20424
32678
1752
28296
10040
20072
12818
610
14932
28112
20040
26488
19090
25990
19314
26740
22044
11258
11192
25264
20608
29292
29556
31240
29174
23992
25824
23392
2670
26428
4084
18786
15498
24970
32604
5706
9010
18240
12164
25542
6704
31818
9232
750
11422
21098
13584
13648
17864
28712
17546
18678
15262
15944
18540
25508
28318
27870
21132
24472
27152
28570
11600
28
2088
1588
11342
608
32060
1758
29954
20888
14146
690
21430
25620
748
4536
32226
7038
11224
15748
24766
4944
23318
32726
9496
18584
17964
23342
16142
31196
21948
25072
20426
14606
32404
20626
29812
16036
14736
30814
5994
8256
6652
23936
30838
20482
18230
4186
19690
1650
5662
21634
21416
13452
14008
7262
5454
16634
14256
148
11124
24028
29200
21080
21318
16858
24050
15264
3676
14902
24948
1282
30674
2220
5402
3878
19008
26504
12392
6698
12722
5938
6410
6234
12508
58
14700
26264
18330
30212
29288
28082
1954
20710
24484
24774
8380
17110
25898
788
18132
29956
10008
15790
28
25184
24778
7200
21974
32168
9676
28650
2598
4686
30080
10116
